hello
is it me you're looking for
36 0
102 0
132 0
158 0
196 0
276 0
331 0
393 0
467 0
499 0
575 0
597 0
646 0
777 0
814 0
861 0
897 0
1001 0
1100 0
1174 0
1195 0
1264 0
1285 0
1359 0
1392 0
1428 0
1499 0
1546 0
1595 0
1625 0
1761 0
1798 0
1816 0
1833 0
1855 0
1880 0
1945 0
1999 0
2025 0
2041 0
2094 0
2115 0
2142 0
2153 0
2189 0
2262 0
2296 0
2323 0
2347 0
2361 0
2385 0
2426 0
2459 0
2507 0
2594 0
2647 0
2651 0
2684 0
2706 0
2763 0
2798 0
2874 0
2910 0
2928 0
2954 0
2991 0
3102 0
3150 0
3203 0
3302 0
3360 0
3430 0
3474 0
3507 0
3593 0
3620 0
3694 0
3762 0
3777 0
3953 0
3980 0
4011 0
4035 0
4082 0
4120 0
4151 0
4219 0
4240 0
4291 0
4350 0
4374 0
4398 0
4436 0
4460 0
4480 0
4504 0
4534 0
4558 0
4582 0
4665 0
4694 0
4767 0
4777 0
4813 0
4849 0
4876 0
4937 0
4970 0
5001 0
5093 0
5144 0
5170 0
5199 0
5215 0
5250 0
5271 0
5292 0
5304 0
5412 0
5431 0
5483 0
5578 0
5629 0
5699 0
5787 0
5822 0
5866 0
5908 0
5927 0
5963 0
6075 0
6142 0
6234 0
6267 0
6288 0
6321 0
6336 0
6364 0
6410 0
6437 0
6454 0
6478 0
6505 0
6551 0
6600 0
6607 0
6631 0
6658 0
6720 0
6752 0
6815 0
6849 0
6866 0
6904 0
7014 0
7055 0
7088 0
7162 0
7192 0
7203 0
7266 0
7373 0
7395 0
7500 0
7520 0
7599 0
7643 0
7672 0
7733 0
7809 0
7930 0
7964 0
7979 0
8003 0
8032 0
8060 0
8092 0
8153 0
8216 0
8232 0
8261 0
8292 0
8404 0
8449 0
8469 0
8483 0
8562 0
8585 0
8602 0
8643 0
8663 0
8696 0
8705 0
8726 0
8772 0
8805 0
8833 0
8875 0
8924 0
8952 0
8994 0
9020 0
9038 0
9060 0
9146 0
9232 0
9262 0
9284 0
9306 0
9378 0
9471 0
9520 0
9573 0
9597 0
9688 0
9735 0
9819 0
9834 0
9868 0
9951 0
9986 0
10009 0
10097 0
10221 0
10266 0
10325 0
10355 0
10399 0
10406 0
10476 0
10540 0
10558 0
10655 0
10691 0
10720 0
10760 0
10862 0
10881 0
10961 0
11004 0
11047 0
11052 0
11098 0
11167 0
11182 0
11221 0
11294 0
11361 0
11425 0
11429 0
11466 0
11507 0
11571 0
11584 0
11603 0
11705 0
11772 0
11823 0
11835 0
11975 0
11993 0
12002 0
12069 0
12126 0
12170 0
12265 0
12278 0
12405 0
12511 0
12537 0
12552 0
12649 0
12663 0
12685 0
12714 0
12773 0
12854 0
12900 0
12934 0
12958 0
13016 0
13053 0
13143 0
13164 0
13213 0
13307 0
13333 0
13419 0
13492 0
13591 0
13640 0
13677 0
13712 0
13776 0
13806 0
13873 0
13884 0
13919 0
13962 0
13979 0
14015 0
14050 0
14066 0
14085 0
14128 0
14286 0
14314 0
14372 0
14450 0
14457 0
14543 0
14566 0
14649 0
14678 0
14737 0
14838 0
14860 0
14934 0
14996 0
15041 0
15120 0
15153 0
15200 0
15223 0
15247 0
15363 0
15414 0
15446 0
15451 0
15487 0
15507 0
15581 0
15617 0